# replicate bt spas inputs

# ubc 2004
josh_data <- list("Nmr" = 484,
             "Ntribs" = 8,
             "ind_trib" = c(1L, 1L, 1L, 1L, 1L, 1L, 1L, 1L, 1L, 1L, 1L, 1L, 1L, 1L, 1L,
                            1L, 1L, 1L, 1L, 1L, 1L, 1L, 1L, 1L, 1L, 1L, 1L, 1L, 1L, 1L, 1L,
                            1L, 1L, 1L, 1L, 1L, 1L, 1L, 1L, 1L, 1L, 1L, 1L, 1L, 1L, 1L, 1L,
                            1L, 1L, 1L, 1L, 1L, 1L, 1L, 1L, 1L, 1L, 1L, 1L, 1L, 1L, 1L, 1L,
                            1L, 1L, 1L, 1L, 1L, 1L, 1L, 1L, 1L, 1L, 1L, 1L, 1L, 1L, 1L, 1L,
                            1L, 1L, 1L, 1L, 1L, 1L, 1L, 1L, 1L, 1L, 1L, 1L, 1L, 1L, 1L, 1L,
                            1L, 1L, 1L, 1L, 1L, 1L, 1L, 1L, 1L, 1L, 1L, 1L, 1L, 1L, 1L, 1L,
                            1L, 1L, 1L, 1L, 1L, 1L, 1L, 1L, 1L, 1L, 1L, 1L, 2L, 2L, 2L, 2L,
                            2L, 2L, 2L, 2L, 2L, 2L, 2L, 2L, 2L, 2L, 2L, 2L, 2L, 2L, 2L, 2L,
                            2L, 2L, 2L, 2L, 2L, 2L, 2L, 2L, 2L, 2L, 2L, 2L, 2L, 2L, 2L, 2L,
                            2L, 2L, 2L, 2L, 2L, 2L, 2L, 2L, 2L, 2L, 2L, 2L, 2L, 2L, 2L, 2L,
                            2L, 2L, 2L, 2L, 2L, 2L, 2L, 2L, 2L, 2L, 2L, 2L, 2L, 2L, 2L, 2L,
                            2L, 2L, 2L, 2L, 2L, 2L, 2L, 2L, 2L, 2L, 2L, 2L, 2L, 2L, 2L, 2L,
                            2L, 2L, 2L, 2L, 2L, 2L, 2L, 2L, 2L, 2L, 2L, 2L, 2L, 2L, 2L, 2L,
                            2L, 2L, 2L, 2L, 2L, 2L, 2L, 2L, 2L, 2L, 2L, 2L, 2L, 2L, 2L, 2L,
                            2L, 2L, 2L, 2L, 2L, 2L, 2L, 2L, 2L, 2L, 2L, 2L, 2L, 2L, 2L, 2L,
                            2L, 2L, 2L, 2L, 2L, 2L, 2L, 2L, 2L, 2L, 2L, 2L, 2L, 2L, 2L, 2L,
                            2L, 2L, 2L, 2L, 2L, 2L, 2L, 2L, 2L, 2L, 2L, 2L, 2L, 2L, 2L, 2L,
                            2L, 2L, 2L, 2L, 2L, 2L, 2L, 2L, 2L, 2L, 2L, 2L, 2L, 2L, 2L, 2L,
                            2L, 2L, 2L, 2L, 2L, 2L, 2L, 2L, 2L, 2L, 2L, 2L, 2L, 2L, 2L, 2L,
                            2L, 2L, 2L, 2L, 2L, 2L, 2L, 2L, 2L, 2L, 2L, 2L, 2L, 2L, 2L, 2L,
                            2L, 3L, 3L, 3L, 3L, 3L, 3L, 3L, 3L, 3L, 3L, 3L, 3L, 3L, 3L, 3L,
                            3L, 3L, 3L, 3L, 3L, 3L, 3L, 3L, 3L, 3L, 3L, 3L, 3L, 3L, 3L, 3L,
                            3L, 3L, 3L, 3L, 3L, 3L, 3L, 3L, 3L, 3L, 3L, 3L, 3L, 3L, 3L, 3L,
                            3L, 3L, 3L, 3L, 3L, 3L, 3L, 3L, 3L, 3L, 3L, 3L, 3L, 3L, 3L, 3L,
                            3L, 3L, 3L, 3L, 3L, 3L, 3L, 3L, 3L, 3L, 3L, 3L, 3L, 3L, 3L, 3L,
                            3L, 3L, 3L, 3L, 3L, 3L, 3L, 3L, 3L, 3L, 3L, 3L, 3L, 3L, 3L, 3L,
                            3L, 3L, 3L, 3L, 3L, 3L, 3L, 3L, 3L, 3L, 3L, 3L, 3L, 3L, 3L, 3L,
                            3L, 3L, 3L, 3L, 3L, 3L, 3L, 3L, 3L, 3L, 3L, 3L, 3L, 3L, 3L, 3L,
                            3L, 3L, 3L, 3L, 3L, 3L, 3L, 3L, 3L, 3L, 3L, 3L, 3L, 3L, 3L, 3L,
                            3L, 3L, 3L, 3L, 3L),
             "Releases" = c(147L, 428L, 387L, 789L, 400L, 282L, 725L, 450L, 269L, 272L,
                            157L, 597L, 105L, 221L, 380L, 791L, 861L, 814L, 848L, 839L, 676L,
                            912L, 318L, 225L, 237L, 350L, 554L, 89L, 100L, 113L, 65L, 197L,
                            507L, 410L, 425L, 464L, 249L, 254L, 1578L, 1245L, 1033L, 1218L,
                            1205L, 1209L, 1204L, 1221L, 981L, 1215L, 1392L, 754L, 607L, 309L,
                            506L, 1012L, 1006L, 1012L, 2490L, 2922L, 3114L, 1001L, 1820L,
                            2252L, 2224L, 2121L, 2009L, 2025L, 1511L, 516L, 505L, 1008L,
                            846L, 1012L, 1394L, 1018L, 746L, 1555L, 2010L, 995L, 987L, 1123L,
                            995L, 625L, 383L, 1217L, 1229L, 655L, 607L, 602L, 620L, 590L,
                            496L, 406L, 373L, 509L, 388L, 351L, 345L, 980L, 536L, 134L, 271L,
                            996L, 475L, 506L, 523L, 554L, 333L, 411L, 299L, 402L, 499L, 224L,
                            300L, 208L, 906L, 1143L, 332L, 336L, 295L, 404L, 298L, 320L,
                            449L, 1971L, 2037L, 1985L, 1960L, 902L, 1953L, 1476L, 1368L,
                            373L, 276L, 45L, 175L, 201L, 555L, 98L, 388L, 14L, 259L, 346L,
                            247L, 398L, 793L, 447L, 398L, 402L, 693L, 782L, 368L, 662L, 690L,
                            452L, 855L, 835L, 820L, 759L, 809L, 724L, 475L, 92L, 319L, 641L,
                            600L, 582L, 273L, 120L, 191L, 96L, 186L, 392L, 803L, 765L, 687L,
                            393L, 407L, 396L, 415L, 412L, 299L, 140L, 177L, 135L, 340L, 401L,
                            399L, 778L, 389L, 832L, 405L, 398L, 398L, 410L, 396L, 413L, 396L,
                            397L, 415L, 343L, 302L, 402L, 398L, 798L, 797L, 822L, 401L, 826L,
                            817L, 804L, 798L, 772L, 809L, 401L, 802L, 805L, 411L, 800L, 310L,
                            1199L, 787L, 809L, 799L, 811L, 410L, 1218L, 433L, 507L, 511L,
                            500L, 994L, 308L, 645L, 794L, 318L, 233L, 1465L, 803L, 404L,
                            610L, 559L, 659L, 194L, 1040L, 1055L, 1218L, 1230L, 1185L, 1199L,
                            1195L, 1186L, 1358L, 1336L, 302L, 227L, 93L, 615L, 630L, 620L,
                            600L, 609L, 594L, 619L, 617L, 608L, 1204L, 612L, 540L, 587L,
                            469L, 846L, 840L, 623L, 837L, 838L, 795L, 824L, 800L, 792L, 244L,
                            224L, 336L, 371L, 206L, 528L, 493L, 1049L, 1040L, 1014L, 1030L,
                            519L, 316L, 521L, 390L, 149L, 156L, 267L, 510L, 509L, 519L, 501L,
                            462L, 536L, 502L, 507L, 506L, 499L, 488L, 642L, 360L, 383L, 500L,
                            552L, 769L, 272L, 509L, 504L, 494L, 496L, 491L, 466L, 600L, 832L,
                            806L, 416L, 494L, 405L, 537L, 500L, 530L, 650L, 545L, 437L, 426L,
                            397L, 412L, 20L, 259L, 469L, 248L, 400L, 797L, 367L, 406L, 405L,
                            741L, 784L, 388L, 429L, 186L, 353L, 677L, 814L, 453L, 799L, 870L,
                            863L, 760L, 805L, 806L, 441L, 97L, 398L, 613L, 598L, 469L, 373L,
                            62L, 116L, 107L, 173L, 392L, 375L, 390L, 809L, 755L, 727L, 399L,
                            417L, 401L, 425L, 408L, 297L, 135L, 177L, 485L, 361L, 401L, 353L,
                            401L, 398L, 408L, 409L, 399L, 393L, 382L, 382L, 319L, 380L, 394L,
                            383L, 85L, 136L, 191L, 400L, 325L, 496L, 709L, 803L, 793L, 406L,
                            815L, 803L, 801L, 802L, 776L, 811L, 812L, 394L, 739L, 806L, 821L,
                            713L, 1242L, 802L, 812L, 801L, 809L, 406L, 481L, 501L, 1478L,
                            399L, 135L, 498L, 892L, 1111L, 600L, 610L, 616L, 598L, 607L,
                            595L, 412L, 680L, 497L, 507L, 744L, 1015L, 513L, 495L, 503L,
                            504L, 532L, 314L, 330L, 227L, 479L, 376L, 516L, 465L, 502L, 511L,
                            498L, 517L, 507L, 480L, 264L, 268L, 1112L, 286L, 130L, 314L,
                            237L, 392L, 218L, 559L, 248L, 301L, 296L, 296L, 365L, 336L, 326L
             ),